131 Counties in VA: 
[51001 51510 51007 51013 51019 51021 51029 51033 51540 51550 51041 51570
 51590 51051 51057 51059 51003 51005 51009 51015 51017 51520 51027 51530
 51031 51035 51043 51045 51047 51049 51053 51600 51515 51023 51037 51595
 51025 51610 51061 51011 51063 51065 51067 51069 51640 51071 51073 51075
 51077 51079 51083 51650 51085 51660 51087 51089 51095 51099 51101 51107
 51109 51620 51630 51081 51670 51105 51111 51680 51113 51690 51093 51117
 51678 51091 51103 51115 51121 51125 51127 51700 51137 51139 51730 51735
 51740 51119 51710 51141 51145 51153 51155 51163 51165 51167 51775 51683
 51133 51143 51147 51149 51157 51760 51770 51169 51171 51173 51175 51177
 51135 51750 51720 51790 51183 51185 51810 51179 51187 51800 51191 51830
 51197 51193 51840 51195 51820 51199 51181 51131 51036 51097 51580]
88 Counties in OH: 
[39001 39005 39007 39009 39011 39015 39017 39019 39025 39027 39029 39033
 39035 39039 39041 39043 39003 39013 39021 39031 39037 39045 39023 39047
 39049 39053 39055 39057 39059 39061 39063 39065 39075 39077 39079 39081
 39083 39085 39089 39091 39051 39071 39093 39073 39095 39099 39101 39107
 39069 39087 39105 39097 39103 39111 39113 39115 39117 39119 39123 39127
 39131 39133 39109 39121 39125 39129 39139 39141 39145 39135 39137 39143
 39147 39149 39151 39153 39155 39157 39159 39161 39163 39165 39167 39169
 39173 39175 39171 39067]
67 Counties in PA: 
[42001 42003 42005 42009 42011 42017 42019 42021 42023 42025 42029 42031
 42033 42037 42039 42043 42045 42049 42007 42027 42035 42013 42015 42041
 42047 42051 42055 42057 42059 42061 42063 42065 42069 42071 42075 42077
 42073 42067 42079 42081 42083 42053 42085 42089 42091 42093 42095 42097
 42101 42103 42087 42105 42099 42107 42111 42113 42119 42121 42123 42125
 42109 42129 42133 42115 42127 42131 42117]
120 Counties in KY: 
[21003 21009 21011 21013 21015 21023 21025 21027 21029 21041 21043 21045
 21047 21055 21059 21001 21017 21019 21021 21035 21037 21049 21051 21053
 21057 21063 21005 21065 21031 21039 21007 21033 21067 21061 21071 21073
 21075 21081 21083 21085 21099 21101 21107 21111 21115 21117 21119 21121
 21125 21141 21069 21079 21087 21089 21095 21097 21103 21109 21113 21127
 21129 21131 21133 21135 21137 21139 21093 21143 21151 21153 21159 21161
 21145 21147 21165 21155 21157 21149 21167 21077 21123 21177 21187 21191
 21195 21171 21173 21175 21179 21183 21189 21197 21199 21205 21163 21185
 21193 21201 21203 21169 21207 21213 21181 21209 21215 21217 21227 21211
 21231 21235 21221 21229 21233 21237 21219 21223 21239 21105 21225 21091]
55 Counties in WV: 
[54001 54003 54005 54007 54011 54013 54017 54009 54015 54023 54025 54031
 54033 54035 54037 54045 54029 54039 54019 54049 54051 54053 54047 54057
 54065 54067 54069 54055 54075 54081 54085 54087 54061 54063 54077 54059
 54079 54083 54097 54089 54093 54095 54099 54103 54109 54107 54105 54021
 54027 54041 54071 54073 54101 54091 54043]
